a = 1
c = drie
d = 204
e = 65001
h = 8
h2 = -8
i = 9
i2 = -9
k = 11
k2 = -11
L = 12.1200
L2 = -12.1200
int(L) = 12
int(L2) = -12
m = 13.130000000
m2 = -13.130000000
int(m) = 13
int(m2) = -13
p = x
c[2] = i
q[0] = 4
q[1] = 42
q[2] = 199
z = 10
addZ = 5
ee = 65008
ff = 219
